1.133248851543022937e+02 7.448876648047776428e+01 6.725540526429655586e+01
1.135590681129904596e+02 6.865822391308626038e+01 6.257487736243532339e+01
1.214907183278990175e+02 6.818016361900428990e+01 8.420832849757023553e+01
1.237126795057035906e+02 6.621541646803463266e+01 6.816366803884157832e+01
1.106542271976773293e+02 7.008422057868601485e+01 8.924330714077744631e+01
1.177286414646024326e+02 9.247280349351309781e+01 8.993055637453433349e+01
1.218374218848804418e+02 8.436018671969459604e+01 6.824441082943934589e+01
1.139621429548336664e+02 8.377307186606999778e+01 8.862171931265865510e+01
1.092741144046494242e+02 6.753026178390979339e+01 6.190079392401268876e+01
1.320243243369155834e+02 6.501679724486666601e+01 7.334458360985969705e+01
1.138545161782665929e+02 8.396293905397786261e+01 6.435254018890738337e+01
1.110938636408231446e+02 9.275287130974817273e+01 6.426447469644021737e+01
1.263168475429136066e+02 8.106201742834224433e+01 6.558293035471552912e+01
1.299723905134051165e+02 9.367170032611871022e+01 7.194439472306420669e+01
1.237803000639725468e+02 9.172361669846486620e+01 7.257546538145575710e+01
1.226285317237204424e+02 6.511630881695337791e+01 8.756977336344908736e+01
1.231804149875706145e+02 8.951899425749087413e+01 7.350232944274210922e+01
1.266728707023086287e+02 8.068577745341539753e+01 8.471045088071312534e+01
1.160352801571538635e+02 7.797549160734762097e+01 7.315847414451459940e+01
1.260570625864869498e+02 7.911794019676476353e+01 8.829421534370649738e+01
1.214905971751861244e+02 7.752432286472571832e+01 7.699574991985528527e+01
1.061632180356978381e+02 8.271575335489382041e+01 7.030784534539463948e+01
1.268302975417917935e+02 7.390277232062895507e+01 7.521712230079630501e+01
1.241624611281394408e+02 6.604884223645980512e+01 6.197989838208027891e+01
1.065701958508942369e+02 7.059590859280741881e+01 7.870443279379541934e+01
1.336430076015971053e+02 9.050263513561398554e+01 6.218368577424818966e+01
1.243190316584432793e+02 7.374555030156207636e+01 7.649399931223381088e+01
1.323846365026076057e+02 8.870546419244676883e+01 6.802121000175969812e+01
1.060750625017239201e+02 8.002443821888233799e+01 6.199816975772782257e+01
1.306769316979316784e+02 8.369593811021712781e+01 7.328184115819445310e+01
1.237157143113594913e+02 8.272329238579706612e+01 6.875096969944476655e+01
1.338898336889055258e+02 7.267848900209030205e+01 6.940141153248971762e+01
1.326691867787430397e+02 9.008928070687272793e+01 6.485680952101401431e+01
1.142619624179303912e+02 6.580269155002389425e+01 6.465571841666326236e+01
1.260804478159282525e+02 9.231146778207053671e+01 8.960436825516219983e+01
1.087387688782053772e+02 8.162158309552074797e+01 8.820221848582228574e+01
1.335937872821550059e+02 8.019383335591884077e+01 7.349976003706623828e+01
1.139688315745185605e+02 9.162261283642141052e+01 8.776488759133454209e+01
1.297137447847102578e+02 9.315690326225504236e+01 8.238408497591630919e+01
1.104266137030755033e+02 8.555304418634081287e+01 6.356384402800712508e+01
1.145039318932656727e+02 7.615316510244319659e+01 8.248934827847259044e+01
1.312031970758459636e+02 7.076812668186487087e+01 7.712667561293108065e+01
1.286342537084069306e+02 7.827377585837230356e+01 7.948829082868509488e+01
1.230559639254264823e+02 7.398317962255174507e+01 7.237172919466948429e+01
1.155507659149154449e+02 6.739820938851975995e+01 8.297610500877638628e+01
1.234942014381243922e+02 7.736791610329404989e+01 8.181921052916288772e+01
1.290978264207679160e+02 7.448395011699577140e+01 6.244295095873857093e+01
1.252245308361300147e+02 9.204052846635357810e+01 6.336372950878281785e+01
1.268076701322687825e+02 7.028415260505980200e+01 6.007327874231372533e+01
1.134164719655866378e+02 6.878995976790618272e+01 6.319679508408233204e+01
